{
   "channel_id":1088215147643936929,
   "channel_name":"live-trading",
   "sections":[
      {
         "content":"No live today \n\nWill call out charts, levels and entries",
         "section_url":null,
         "section":"general",
         "image_path":null,
         "delete":"1"
      },
      {
         "content":"Live Trading:\n https://us02web.zoom.us/j/87387122591",
         "section_url":null,
         "section":"general",
         "image_path":null,
         "delete":"1"
      },
      {
         "content":"Live Trading: https://us02web.zoom.us/j/87387122591",
         "section_url":null,
         "section":"general",
         "image_path":null,
         "delete":"1"
      },
      {
         "content":"Live Trading: https://us02web.zoom.us/j/87387122591",
         "section_url":null,
         "section":"general",
         "image_path":null,
         "delete":"1"
      },
      {
         "content":"No trades today! Market wasn\u2019t showing me anything worth trading! Cash is a position, see you all tomorrow!",
         "section_url":null,
         "section":"general",
         "image_path":null,
         "delete":"1"
      },
      {
         "content":"Inner Circle is inviting you to a scheduled Zoom meeting.\n\nTopic: Inner Circle's Zoom Meeting\nTime: Jul 17, 2023 07:00 AM Pacific Time (US and Canada)\n\nJoin Zoom Meeting\nhttps://us02web.zoom.us/j/87267899710?pwd=cm5KajNPb3A1Qmpjd2N0YTBMK2xJQT09\n\nMeeting ID: 872 6789 9710\nPasscode: options\n\n---\n\nOne tap mobile\n+13462487799,,87267899710#,,,,0052107# US (Houston)\n+16694449171,,87267899710#,,,,0052107# US\n\n---\n\nDial by your location\n\u2022 +1 346 248 7799 US (Houston)\n\u2022 +1 669 444 9171 US\n\u2022 +1 669 900 6833 US (San Jose)\n\u2022 +1 719 359 4580 US\n\u2022 +1 253 205 0468 US\n\u2022 +1 253 215 8782 US (Tacoma)\n\u2022 +1 689 278 1000 US\n\u2022 +1 929 205 6099 US (New York)\n\u2022 +1 301 715 8592 US (Washington DC)\n\u2022 +1 305 224 1968 US\n\u2022 +1 309 205 3325 US\n\u2022 +1 312 626 6799 US (Chicago)\n\u2022 +1 360 209 5623 US\n\u2022 +1 386 347 5053 US\n\u2022 +1 507 473 4847 US\n\u2022 +1 564 217 2000 US\n\u2022 +1 646 931 3860 US\n\nMeeting ID: 872 6789 9710\nPasscode: 0052107\n\nFind your local number: https://us02web.zoom.us/u/kc69vSwwC",
         "section_url":null,
         "section":"general",
         "image_path":null,
         "delete":"1"
      },
      {
         "content":"Inner Circle is inviting you to a scheduled Zoom meeting.\n\nTopic: Inner Circle's Zoom Meeting\nTime: Jul 18, 2023 07:00 AM Pacific Time (US and Canada)\n\nJoin Zoom Meeting\nhttps://us02web.zoom.us/j/87893242804?pwd=cFFIdzFtUlpYZTRPbTF4UUNnOWxUQT09\n\nMeeting ID: 878 9324 2804\nPasscode: options\n\n---\n\nOne tap mobile\n+13462487799,,87893242804#,,,,0360449# US (Houston)\n+16694449171,,87893242804#,,,,0360449# US\n\n---\n\nDial by your location\n\u2022 +1 346 248 7799 US (Houston)\n\u2022 +1 669 444 9171 US\n\u2022 +1 669 900 6833 US (San Jose)\n\u2022 +1 719 359 4580 US\n\u2022 +1 253 205 0468 US\n\u2022 +1 253 215 8782 US (Tacoma)\n\u2022 +1 564 217 2000 US\n\u2022 +1 646 931 3860 US\n\u2022 +1 689 278 1000 US\n\u2022 +1 929 205 6099 US (New York)\n\u2022 +1 301 715 8592 US (Washington DC)\n\u2022 +1 305 224 1968 US\n\u2022 +1 309 205 3325 US\n\u2022 +1 312 626 6799 US (Chicago)\n\u2022 +1 360 209 5623 US\n\u2022 +1 386 347 5053 US\n\u2022 +1 507 473 4847 US\n\nMeeting ID: 878 9324 2804\nPasscode: 0360449\n\nFind your local number: https://us02web.zoom.us/u/kbmYvKRX6y",
         "section_url":null,
         "section":"general",
         "image_path":null,
         "delete":"1"
      },
      {
         "content":"Inner Circle is inviting you to a scheduled Zoom meeting.\n\nTopic: Inner Circle's Zoom Meeting\nTime: Jul 19, 2023 07:00 AM Pacific Time (US and Canada)\n\nJoin Zoom Meeting\nhttps://us02web.zoom.us/j/84794737604?pwd=UEdhNXBCcHRIa21Jdzd3N2lUL2l5dz09\n\nMeeting ID: 847 9473 7604\nPasscode: options\n\n---\n\nOne tap mobile\n+16699006833,,84794737604#,,,,2469643# US (San Jose)\n+17193594580,,84794737604#,,,,2469643# US\n\n---\n\nDial by your location\n\u2022 +1 669 900 6833 US (San Jose)\n\u2022 +1 719 359 4580 US\n\u2022 +1 253 205 0468 US\n\u2022 +1 253 215 8782 US (Tacoma)\n\u2022 +1 346 248 7799 US (Houston)\n\u2022 +1 669 444 9171 US\n\u2022 +1 507 473 4847 US\n\u2022 +1 564 217 2000 US\n\u2022 +1 646 931 3860 US\n\u2022 +1 689 278 1000 US\n\u2022 +1 929 205 6099 US (New York)\n\u2022 +1 301 715 8592 US (Washington DC)\n\u2022 +1 305 224 1968 US\n\u2022 +1 309 205 3325 US\n\u2022 +1 312 626 6799 US (Chicago)\n\u2022 +1 360 209 5623 US\n\u2022 +1 386 347 5053 US\n\nMeeting ID: 847 9473 7604\nPasscode: 2469643\n\nFind your local number: https://us02web.zoom.us/u/kfLHYoLE3",
         "section_url":null,
         "section":"general",
         "image_path":null,
         "delete":"1"
      },
      {
         "content":"Inner Circle is inviting you to a scheduled Zoom meeting.\n\nTopic: Inner Circle's Zoom Meeting\nTime: Jul 20, 2023 07:00 AM Pacific Time (US and Canada)\n\nJoin Zoom Meeting\nhttps://us02web.zoom.us/j/81238681992?pwd=SXBScldFdGovUVl5Szg3cTlzbHpSUT09\n\nMeeting ID: 812 3868 1992\nPasscode: options\n\n---\n\nOne tap mobile\n+12532050468,,81238681992#,,,,8108325# US\n+12532158782,,81238681992#,,,,8108325# US (Tacoma)\n\n---\n\nDial by your location\n\u2022 +1 253 205 0468 US\n\u2022 +1 253 215 8782 US (Tacoma)\n\u2022 +1 346 248 7799 US (Houston)\n\u2022 +1 669 444 9171 US\n\u2022 +1 669 900 6833 US (San Jose)\n\u2022 +1 719 359 4580 US\n\u2022 +1 386 347 5053 US\n\u2022 +1 507 473 4847 US\n\u2022 +1 564 217 2000 US\n\u2022 +1 646 931 3860 US\n\u2022 +1 689 278 1000 US\n\u2022 +1 929 205 6099 US (New York)\n\u2022 +1 301 715 8592 US (Washington DC)\n\u2022 +1 305 224 1968 US\n\u2022 +1 309 205 3325 US\n\u2022 +1 312 626 6799 US (Chicago)\n\u2022 +1 360 209 5623 US\n\nMeeting ID: 812 3868 1992\nPasscode: 8108325\n\nFind your local number: https://us02web.zoom.us/u/kduhsL1cAF",
         "section_url":null,
         "section":"general",
         "image_path":null,
         "delete":"1"
      },
      {
         "content":"nner Circle is inviting you to a scheduled Zoom meeting.\n\nTopic: Inner Circle's Zoom Meeting\nTime: Jul 21, 2023 07:00 AM Pacific Time (US and Canada)\n\nJoin Zoom Meeting\nhttps://us02web.zoom.us/j/88995380040?pwd=Y1hwQlg3UmFFS0tDdGVweitiVCs5QT09\n\nMeeting ID: 889 9538 0040\nPasscode: options\n\n---\n\nOne tap mobile\n+12532050468,,88995380040#,,,,4622726# US\n+12532158782,,88995380040#,,,,4622726# US (Tacoma)\n\n---\n\nDial by your location\n\u2022 +1 253 205 0468 US\n\u2022 +1 253 215 8782 US (Tacoma)\n\u2022 +1 346 248 7799 US (Houston)\n\u2022 +1 669 444 9171 US\n\u2022 +1 669 900 6833 US (San Jose)\n\u2022 +1 719 359 4580 US\n\u2022 +1 386 347 5053 US\n\u2022 +1 507 473 4847 US\n\u2022 +1 564 217 2000 US\n\u2022 +1 646 931 3860 US\n\u2022 +1 689 278 1000 US\n\u2022 +1 929 205 6099 US (New York)\n\u2022 +1 301 715 8592 US (Washington DC)\n\u2022 +1 305 224 1968 US\n\u2022 +1 309 205 3325 US\n\u2022 +1 312 626 6799 US (Chicago)\n\u2022 +1 360 209 5623 US\n\nMeeting ID: 889 9538 0040\nPasscode: 4622726\n\nFind your local number: https://us02web.zoom.us/u/kcAE9cLFHs",
         "section_url":null,
         "section":"general",
         "image_path":null,
         "delete":"1"
      },
      {
         "content":"Inner Circle is inviting you to a scheduled Zoom meeting.\n\nTopic: Inner Circle's Zoom Meeting\nTime: Jul 24, 2023 07:00 AM Pacific Time (US and Canada)\n\nJoin Zoom Meeting\nhttps://us02web.zoom.us/j/88695473186?pwd=eFpqdkUxZVZESjF3Y1dGdDc5RjM4Zz09\n\nMeeting ID: 886 9547 3186\nPasscode: options\n\n---\n\nOne tap mobile\n+16699006833,,88695473186#,,,,4344412# US (San Jose)\n+17193594580,,88695473186#,,,,4344412# US\n\n---\n\nDial by your location\n\u2022 +1 669 900 6833 US (San Jose)\n\u2022 +1 719 359 4580 US\n\u2022 +1 253 205 0468 US\n\u2022 +1 253 215 8782 US (Tacoma)\n\u2022 +1 346 248 7799 US (Houston)\n\u2022 +1 669 444 9171 US\n\u2022 +1 929 205 6099 US (New York)\n\u2022 +1 301 715 8592 US (Washington DC)\n\u2022 +1 305 224 1968 US\n\u2022 +1 309 205 3325 US\n\u2022 +1 312 626 6799 US (Chicago)\n\u2022 +1 360 209 5623 US\n\u2022 +1 386 347 5053 US\n\u2022 +1 507 473 4847 US\n\u2022 +1 564 217 2000 US\n\u2022 +1 646 931 3860 US\n\u2022 +1 689 278 1000 US\n\nMeeting ID: 886 9547 3186\nPasscode: 4344412\n\nFind your local number: https://us02web.zoom.us/u/keGxIgTcnJ",
         "section_url":null,
         "section":"general",
         "image_path":null,
         "delete":"1"
      },
      {
         "content":"Inner Circle is inviting you to a scheduled Zoom meeting.\n\nTopic: Inner Circle's Zoom Meeting\nTime: Jul 25, 2023 07:00 AM Pacific Time (US and Canada)\n\nJoin Zoom Meeting\nhttps://us02web.zoom.us/j/81477392399?pwd=dUVFN1FOamF3Wm0veWRnK3hqYVZIZz09\n\nMeeting ID: 814 7739 2399\nPasscode: options\n\n---\n\nOne tap mobile\n+12532158782,,81477392399#,,,,5801619# US (Tacoma)\n+13462487799,,81477392399#,,,,5801619# US (Houston)\n\n---\n\nDial by your location\n\u2022 +1 253 215 8782 US (Tacoma)\n\u2022 +1 346 248 7799 US (Houston)\n\u2022 +1 669 444 9171 US\n\u2022 +1 669 900 6833 US (San Jose)\n\u2022 +1 719 359 4580 US\n\u2022 +1 253 205 0468 US\n\u2022 +1 360 209 5623 US\n\u2022 +1 386 347 5053 US\n\u2022 +1 507 473 4847 US\n\u2022 +1 564 217 2000 US\n\u2022 +1 646 931 3860 US\n\u2022 +1 689 278 1000 US\n\u2022 +1 929 205 6099 US (New York)\n\u2022 +1 301 715 8592 US (Washington DC)\n\u2022 +1 305 224 1968 US\n\u2022 +1 309 205 3325 US\n\u2022 +1 312 626 6799 US (Chicago)\n\nMeeting ID: 814 7739 2399\nPasscode: 5801619\n\nFind your local number: https://us02web.zoom.us/u/ker0brgfH4",
         "section_url":null,
         "section":"general",
         "image_path":null,
         "delete":"1"
      },
      {
         "content":"Inner Circle is inviting you to a scheduled Zoom meeting.\n\nTopic: Inner Circle's Zoom Meeting\nTime: Jul 26, 2023 07:00 AM Pacific Time (US and Canada)\n\nJoin Zoom Meeting\nhttps://us02web.zoom.us/j/87904492750?pwd=bFN6aXR2VFM5SkFYTzNBOVdVQkFRUT09\n\nMeeting ID: 879 0449 2750\nPasscode: options\n\n---\n\nOne tap mobile\n+13462487799,,87904492750#,,,,1387149# US (Houston)\n+16694449171,,87904492750#,,,,1387149# US\n\n---\n\nDial by your location\n\u2022 +1 346 248 7799 US (Houston)\n\u2022 +1 669 444 9171 US\n\u2022 +1 669 900 6833 US (San Jose)\n\u2022 +1 719 359 4580 US\n\u2022 +1 253 205 0468 US\n\u2022 +1 253 215 8782 US (Tacoma)\n\u2022 +1 312 626 6799 US (Chicago)\n\u2022 +1 360 209 5623 US\n\u2022 +1 386 347 5053 US\n\u2022 +1 507 473 4847 US\n\u2022 +1 564 217 2000 US\n\u2022 +1 646 931 3860 US\n\u2022 +1 689 278 1000 US\n\u2022 +1 929 205 6099 US (New York)\n\u2022 +1 301 715 8592 US (Washington DC)\n\u2022 +1 305 224 1968 US\n\u2022 +1 309 205 3325 US\n\nMeeting ID: 879 0449 2750\nPasscode: 1387149\n\nFind your local number: https://us02web.zoom.us/u/kdg8L5YTTw",
         "section_url":null,
         "section":"general",
         "image_path":null,
         "delete":"1"
      },
      {
         "content":"Inner Circle is inviting you to a scheduled Zoom meeting.\n\nTopic: Inner Circle's Zoom Meeting\nTime: Jul 27, 2023 07:00 AM Pacific Time (US and Canada)\n\nJoin Zoom Meeting\nhttps://us02web.zoom.us/j/81600740225?pwd=SEZrVHV2YzByZ3ZMSjZaZlREYzF1QT09\n\nMeeting ID: 816 0074 0225\nPasscode: options\n\n---\n\nOne tap mobile\n+12532158782,,81600740225#,,,,8467205# US (Tacoma)\n+13462487799,,81600740225#,,,,8467205# US (Houston)\n\n---\n\nDial by your location\n\u2022 +1 253 215 8782 US (Tacoma)\n\u2022 +1 346 248 7799 US (Houston)\n\u2022 +1 669 444 9171 US\n\u2022 +1 669 900 6833 US (San Jose)\n\u2022 +1 719 359 4580 US\n\u2022 +1 253 205 0468 US\n\u2022 +1 564 217 2000 US\n\u2022 +1 646 931 3860 US\n\u2022 +1 689 278 1000 US\n\u2022 +1 929 205 6099 US (New York)\n\u2022 +1 301 715 8592 US (Washington DC)\n\u2022 +1 305 224 1968 US\n\u2022 +1 309 205 3325 US\n\u2022 +1 312 626 6799 US (Chicago)\n\u2022 +1 360 209 5623 US\n\u2022 +1 386 347 5053 US\n\u2022 +1 507 473 4847 US\n\nMeeting ID: 816 0074 0225\nPasscode: 8467205\n\nFind your local number: https://us02web.zoom.us/u/kdRwPuMqXp",
         "section_url":null,
         "section":"general",
         "image_path":null,
         "delete":"1"
      },
      {
         "content":"Inner Circle is inviting you to a scheduled Zoom meeting.\n\nTopic: Inner Circle's Zoom Meeting\nTime: Jul 28, 2023 07:00 AM Pacific Time (US and Canada)\n\nJoin Zoom Meeting\nhttps://us02web.zoom.us/j/88519186593?pwd=ZTI2MzlHVkJvTlMxMGVOQXZDWTNuZz09\n\nMeeting ID: 885 1918 6593\nPasscode: options\n\n---\n\nOne tap mobile\n+16694449171,,88519186593#,,,,7911543# US\n+16699006833,,88519186593#,,,,7911543# US (San Jose)\n\n---\n\nDial by your location\n\u2022 +1 669 444 9171 US\n\u2022 +1 669 900 6833 US (San Jose)\n\u2022 +1 719 359 4580 US\n\u2022 +1 253 205 0468 US\n\u2022 +1 253 215 8782 US (Tacoma)\n\u2022 +1 346 248 7799 US (Houston)\n\u2022 +1 689 278 1000 US\n\u2022 +1 929 205 6099 US (New York)\n\u2022 +1 301 715 8592 US (Washington DC)\n\u2022 +1 305 224 1968 US\n\u2022 +1 309 205 3325 US\n\u2022 +1 312 626 6799 US (Chicago)\n\u2022 +1 360 209 5623 US\n\u2022 +1 386 347 5053 US\n\u2022 +1 507 473 4847 US\n\u2022 +1 564 217 2000 US\n\u2022 +1 646 931 3860 US\n\nMeeting ID: 885 1918 6593\nPasscode: 7911543\n\nFind your local number: https://us02web.zoom.us/u/kcaW4sQJEQ",
         "section_url":null,
         "section":"general",
         "image_path":null,
         "delete":"1"
      },
      {
         "content":"Inner Circle is inviting you to a scheduled Zoom meeting.\n\nTopic: Inner Circle's Zoom Meeting\nTime: Aug 9, 2023 07:00 AM Pacific Time (US and Canada)\n\nJoin Zoom Meeting\nhttps://us02web.zoom.us/j/87824894460?pwd=WlpFRWdyblVUVFR1L1pOU3VxbDhsUT09\n\nMeeting ID: 878 2489 4460\nPasscode: options\n\n---\n\nOne tap mobile\n+12532050468,,87824894460#,,,,4141835# US\n+12532158782,,87824894460#,,,,4141835# US (Tacoma)\n\n---\n\nDial by your location\n\u2022 +1 253 205 0468 US\n\u2022 +1 253 215 8782 US (Tacoma)\n\u2022 +1 346 248 7799 US (Houston)\n\u2022 +1 669 444 9171 US\n\u2022 +1 669 900 6833 US (San Jose)\n\u2022 +1 719 359 4580 US\n\u2022 +1 386 347 5053 US\n\u2022 +1 507 473 4847 US\n\u2022 +1 564 217 2000 US\n\u2022 +1 646 931 3860 US\n\u2022 +1 689 278 1000 US\n\u2022 +1 929 205 6099 US (New York)\n\u2022 +1 301 715 8592 US (Washington DC)\n\u2022 +1 305 224 1968 US\n\u2022 +1 309 205 3325 US\n\u2022 +1 312 626 6799 US (Chicago)\n\u2022 +1 360 209 5623 US\n\nMeeting ID: 878 2489 4460\nPasscode: 4141835\n\nFind your local number: https://us02web.zoom.us/u/kbR0KoPlIu\n\n@everyone",
         "section_url":null,
         "section":"general",
         "image_path":null,
         "delete":"1"
      },
      {
         "content":"Inner Circle is inviting you to a scheduled Zoom meeting.\n\nTopic: Inner Circle's Zoom Meeting\nTime: Aug 11, 2023 07:00 AM Pacific Time (US and Canada)\n\nJoin Zoom Meeting\nhttps://us02web.zoom.us/j/84897920080?pwd=QVdNQ3ZJckU3c1dNUlgvQXI3V0hXZz09\n\nMeeting ID: 848 9792 0080\nPasscode: options\n\n---\n\nOne tap mobile\n+13462487799,,84897920080#,,,,6769737# US (Houston)\n+16694449171,,84897920080#,,,,6769737# US\n\n---\n\nDial by your location\n\u2022 +1 346 248 7799 US (Houston)\n\u2022 +1 669 444 9171 US\n\u2022 +1 669 900 6833 US (San Jose)\n\u2022 +1 719 359 4580 US\n\u2022 +1 253 205 0468 US\n\u2022 +1 253 215 8782 US (Tacoma)\n\u2022 +1 386 347 5053 US\n\u2022 +1 507 473 4847 US\n\u2022 +1 564 217 2000 US\n\u2022 +1 646 931 3860 US\n\u2022 +1 689 278 1000 US\n\u2022 +1 929 205 6099 US (New York)\n\u2022 +1 301 715 8592 US (Washington DC)\n\u2022 +1 305 224 1968 US\n\u2022 +1 309 205 3325 US\n\u2022 +1 312 626 6799 US (Chicago)\n\u2022 +1 360 209 5623 US\n\nMeeting ID: 848 9792 0080\nPasscode: 6769737\n\nFind your local number: https://us02web.zoom.us/u/keh2HD8log\n\n\n\n@everyone",
         "section_url":null,
         "section":"general",
         "image_path":null,
         "delete":"1"
      },
      {
         "content":"Inner Circle is inviting you to a scheduled Zoom meeting.\n\nTopic: Inner Circle's Zoom Meeting\nTime: Aug 14, 2023 07:00 AM Pacific Time (US and Canada)\n\nJoin Zoom Meeting\nhttps://us02web.zoom.us/j/82429377165?pwd=OExTWnR4Y2doTEFPMmg4amw1dnAwUT09\n\nMeeting ID: 824 2937 7165\nPasscode: options\n\n---\n\nOne tap mobile\n+16694449171,,82429377165#,,,,6463349# US\n+16699006833,,82429377165#,,,,6463349# US (San Jose)\n\n---\n\nDial by your location\n\u2022 +1 669 444 9171 US\n\u2022 +1 669 900 6833 US (San Jose)\n\u2022 +1 719 359 4580 US\n\u2022 +1 253 205 0468 US\n\u2022 +1 253 215 8782 US (Tacoma)\n\u2022 +1 346 248 7799 US (Houston)\n\u2022 +1 646 931 3860 US\n\u2022 +1 689 278 1000 US\n\u2022 +1 929 205 6099 US (New York)\n\u2022 +1 301 715 8592 US (Washington DC)\n\u2022 +1 305 224 1968 US\n\u2022 +1 309 205 3325 US\n\u2022 +1 312 626 6799 US (Chicago)\n\u2022 +1 360 209 5623 US\n\u2022 +1 386 347 5053 US\n\u2022 +1 507 473 4847 US\n\u2022 +1 564 217 2000 US\n\nMeeting ID: 824 2937 7165\nPasscode: 6463349\n\nFind your local number: https://us02web.zoom.us/u/kbzSiGZno0\n\n\n\n@everyone",
         "section_url":null,
         "section":"general",
         "image_path":null,
         "delete":"1"
      },
      {
         "content":"Inner Circle is inviting you to a scheduled Zoom meeting.\n\nTopic: Inner Circle's Zoom Meeting\nTime: Aug 17, 2023 07:00 AM Pacific Time (US and Canada)\n\nJoin Zoom Meeting\nhttps://us02web.zoom.us/j/85470883528?pwd=aGtNNUlOZUtuQ3VsM1JQcEFqaHZtdz09\n\nMeeting ID: 854 7088 3528\nPasscode: options\n\n---\n\nOne tap mobile\n+13462487799,,85470883528#,,,,8209613# US (Houston)\n+16694449171,,85470883528#,,,,8209613# US\n\n---\n\nDial by your location\n\u2022 +1 346 248 7799 US (Houston)\n\u2022 +1 669 444 9171 US\n\u2022 +1 669 900 6833 US (San Jose)\n\u2022 +1 719 359 4580 US\n\u2022 +1 253 205 0468 US\n\u2022 +1 253 215 8782 US (Tacoma)\n\u2022 +1 312 626 6799 US (Chicago)\n\u2022 +1 360 209 5623 US\n\u2022 +1 386 347 5053 US\n\u2022 +1 507 473 4847 US\n\u2022 +1 564 217 2000 US\n\u2022 +1 646 931 3860 US\n\u2022 +1 689 278 1000 US\n\u2022 +1 929 205 6099 US (New York)\n\u2022 +1 301 715 8592 US (Washington DC)\n\u2022 +1 305 224 1968 US\n\u2022 +1 309 205 3325 US\n\nMeeting ID: 854 7088 3528\nPasscode: 8209613\n\nFind your local number: https://us02web.zoom.us/u/kbjz44UVZ\n\n\n\n@everyone",
         "section_url":null,
         "section":"general",
         "image_path":null,
         "delete":"1"
      },
      {
         "content":"Inner Circle is inviting you to a scheduled Zoom meeting.\n\nTopic: Inner Circle's Zoom Meeting\nTime: Aug 24, 2023 07:00 AM Pacific Time (US and Canada)\n\nJoin Zoom Meeting\nhttps://us02web.zoom.us/j/88683826223?pwd=N3NTbTFlU3ArWGZhZ3RuZDVWT3ZjZz09\n\nMeeting ID: 886 8382 6223\nPasscode: options\n\n---\n\nOne tap mobile\n+12532158782,,88683826223#,,,,7483209# US (Tacoma)\n+13462487799,,88683826223#,,,,7483209# US (Houston)\n\n---\n\nDial by your location\n\u2022 +1 253 215 8782 US (Tacoma)\n\u2022 +1 346 248 7799 US (Houston)\n\u2022 +1 669 444 9171 US\n\u2022 +1 669 900 6833 US (San Jose)\n\u2022 +1 719 359 4580 US\n\u2022 +1 253 205 0468 US\n\u2022 +1 646 931 3860 US\n\u2022 +1 689 278 1000 US\n\u2022 +1 929 205 6099 US (New York)\n\u2022 +1 301 715 8592 US (Washington DC)\n\u2022 +1 305 224 1968 US\n\u2022 +1 309 205 3325 US\n\u2022 +1 312 626 6799 US (Chicago)\n\u2022 +1 360 209 5623 US\n\u2022 +1 386 347 5053 US\n\u2022 +1 507 473 4847 US\n\u2022 +1 564 217 2000 US\n\nMeeting ID: 886 8382 6223\nPasscode: 7483209\n\nFind your local number: https://us02web.zoom.us/u/kcn7w9M1ue\n\n\n\n@everyone",
         "section_url":null,
         "section":"general",
         "image_path":null,
         "delete":"1"
      },
      {
         "content":"Inner Circle is inviting you to a scheduled Zoom meeting.\n\nTopic: Inner Circle's Zoom Meeting\nTime: Aug 25, 2023 07:00 AM Pacific Time (US and Canada)\n\nJoin Zoom Meeting\nhttps://us02web.zoom.us/j/81458609605?pwd=UHN3Vi9yTWpLNGpEbEJnWlMzWFVvUT09\n\nMeeting ID: 814 5860 9605\nPasscode: options\n\n---\n\nOne tap mobile\n+17193594580,,81458609605#,,,,2780298# US\n+12532050468,,81458609605#,,,,2780298# US\n\n---\n\nDial by your location\n\u2022 +1 719 359 4580 US\n\u2022 +1 253 205 0468 US\n\u2022 +1 253 215 8782 US (Tacoma)\n\u2022 +1 346 248 7799 US (Houston)\n\u2022 +1 669 444 9171 US\n\u2022 +1 669 900 6833 US (San Jose)\n\u2022 +1 305 224 1968 US\n\u2022 +1 309 205 3325 US\n\u2022 +1 312 626 6799 US (Chicago)\n\u2022 +1 360 209 5623 US\n\u2022 +1 386 347 5053 US\n\u2022 +1 507 473 4847 US\n\u2022 +1 564 217 2000 US\n\u2022 +1 646 931 3860 US\n\u2022 +1 689 278 1000 US\n\u2022 +1 929 205 6099 US (New York)\n\u2022 +1 301 715 8592 US (Washington DC)\n\nMeeting ID: 814 5860 9605\nPasscode: 2780298\n\nFind your local number: https://us02web.zoom.us/u/kczbgJZzOF\n\n\n\n@everyone",
         "section_url":null,
         "section":"general",
         "image_path":null,
         "delete":"1"
      },
      {
         "content":"Inner Circle is inviting you to a scheduled Zoom meeting.\n\nTopic: Inner Circle's Zoom Meeting\nTime: Aug 29, 2023 07:00 AM Pacific Time (US and Canada)\n\nJoin Zoom Meeting\nhttps://us02web.zoom.us/j/81930121179?pwd=SEN4TmdXU3NoajFQM1U5ZzZidVptZz09\n\nMeeting ID: 819 3012 1179\nPasscode: options\n\n---\n\nOne tap mobile\n+16694449171,,81930121179#,,,,8485035# US\n+16699006833,,81930121179#,,,,8485035# US (San Jose)\n\n---\n\nDial by your location\n\u2022 +1 669 444 9171 US\n\u2022 +1 669 900 6833 US (San Jose)\n\u2022 +1 719 359 4580 US\n\u2022 +1 253 205 0468 US\n\u2022 +1 253 215 8782 US (Tacoma)\n\u2022 +1 346 248 7799 US (Houston)\n\u2022 +1 507 473 4847 US\n\u2022 +1 564 217 2000 US\n\u2022 +1 646 931 3860 US\n\u2022 +1 689 278 1000 US\n\u2022 +1 929 205 6099 US (New York)\n\u2022 +1 301 715 8592 US (Washington DC)\n\u2022 +1 305 224 1968 US\n\u2022 +1 309 205 3325 US\n\u2022 +1 312 626 6799 US (Chicago)\n\u2022 +1 360 209 5623 US\n\u2022 +1 386 347 5053 US\n\nMeeting ID: 819 3012 1179\nPasscode: 8485035\n\nFind your local number: https://us02web.zoom.us/u/kbZboL81Gw\n\n\n\n@everyone",
         "section_url":null,
         "section":"general",
         "image_path":null,
         "delete":"1"
      },
      {
         "content":"Inner Circle is inviting you to a scheduled Zoom meeting.\n\nTopic: Inner Circle's Zoom Meeting\nTime: Aug 30, 2023 07:00 AM Pacific Time (US and Canada)\n\nJoin Zoom Meeting\nhttps://us02web.zoom.us/j/89366134957?pwd=aURETUpVVUVFRHNqdXI3MlhtYkpIQT09\n\nMeeting ID: 893 6613 4957\nPasscode: options\n\n---\n\nOne tap mobile\n+17193594580,,89366134957#,,,,8848015# US\n+12532050468,,89366134957#,,,,8848015# US\n\n---\n\nDial by your location\n\u2022 +1 719 359 4580 US\n\u2022 +1 253 205 0468 US\n\u2022 +1 253 215 8782 US (Tacoma)\n\u2022 +1 346 248 7799 US (Houston)\n\u2022 +1 669 444 9171 US\n\u2022 +1 669 900 6833 US (San Jose)\n\u2022 +1 301 715 8592 US (Washington DC)\n\u2022 +1 305 224 1968 US\n\u2022 +1 309 205 3325 US\n\u2022 +1 312 626 6799 US (Chicago)\n\u2022 +1 360 209 5623 US\n\u2022 +1 386 347 5053 US\n\u2022 +1 507 473 4847 US\n\u2022 +1 564 217 2000 US\n\u2022 +1 646 931 3860 US\n\u2022 +1 689 278 1000 US\n\u2022 +1 929 205 6099 US (New York)\n\nMeeting ID: 893 6613 4957\nPasscode: 8848015\n\nFind your local number: https://us02web.zoom.us/u/kbjm81VVp4\n\n\n\n@everyone",
         "section_url":null,
         "section":"general",
         "image_path":null,
         "delete":"1"
      },
      {
         "content":"Inner Circle is inviting you to a scheduled Zoom meeting.\n\nTopic: Inner Circle's Zoom Meeting\nTime: Aug 31, 2023 07:00 AM Pacific Time (US and Canada)\n\nJoin Zoom Meeting\nhttps://us02web.zoom.us/j/84073698557?pwd=aTBQVTV2NVVXM3dQb2RnUjhhOVAzQT09\n\nMeeting ID: 840 7369 8557\nPasscode: options\n\n---\n\nOne tap mobile\n+12532158782,,84073698557#,,,,8906205# US (Tacoma)\n+13462487799,,84073698557#,,,,8906205# US (Houston)\n\n---\n\nDial by your location\n\u2022 +1 253 215 8782 US (Tacoma)\n\u2022 +1 346 248 7799 US (Houston)\n\u2022 +1 669 444 9171 US\n\u2022 +1 669 900 6833 US (San Jose)\n\u2022 +1 719 359 4580 US\n\u2022 +1 253 205 0468 US\n\u2022 +1 689 278 1000 US\n\u2022 +1 929 205 6099 US (New York)\n\u2022 +1 301 715 8592 US (Washington DC)\n\u2022 +1 305 224 1968 US\n\u2022 +1 309 205 3325 US\n\u2022 +1 312 626 6799 US (Chicago)\n\u2022 +1 360 209 5623 US\n\u2022 +1 386 347 5053 US\n\u2022 +1 507 473 4847 US\n\u2022 +1 564 217 2000 US\n\u2022 +1 646 931 3860 US\n\nMeeting ID: 840 7369 8557\nPasscode: 8906205\n\nFind your local number: https://us02web.zoom.us/u/kjA71eMLJ\n\n\n\n@everyone",
         "section_url":null,
         "section":"general",
         "image_path":null,
         "delete":"1"
      },
      {
         "content":"Inner Circle is inviting you to a scheduled Zoom meeting.\n\nTopic: Inner Circle's Zoom Meeting\nTime: Sep 1, 2023 07:00 AM Pacific Time (US and Canada)\n\nJoin Zoom Meeting\nhttps://us02web.zoom.us/j/85183116924?pwd=SjhmK2pNU3dRVW0rQlkzSDhEQnYrQT09\n\nMeeting ID: 851 8311 6924\nPasscode: options\n\n---\n\nOne tap mobile\n+12532050468,,85183116924#,,,,8324325# US\n+12532158782,,85183116924#,,,,8324325# US (Tacoma)\n\n---\n\nDial by your location\n\u2022 +1 253 205 0468 US\n\u2022 +1 253 215 8782 US (Tacoma)\n\u2022 +1 346 248 7799 US (Houston)\n\u2022 +1 669 444 9171 US\n\u2022 +1 669 900 6833 US (San Jose)\n\u2022 +1 719 359 4580 US\n\u2022 +1 564 217 2000 US\n\u2022 +1 646 931 3860 US\n\u2022 +1 689 278 1000 US\n\u2022 +1 929 205 6099 US (New York)\n\u2022 +1 301 715 8592 US (Washington DC)\n\u2022 +1 305 224 1968 US\n\u2022 +1 309 205 3325 US\n\u2022 +1 312 626 6799 US (Chicago)\n\u2022 +1 360 209 5623 US\n\u2022 +1 386 347 5053 US\n\u2022 +1 507 473 4847 US\n\nMeeting ID: 851 8311 6924\nPasscode: 8324325\n\nFind your local number: https://us02web.zoom.us/u/kdObaEWDE9\n\n\n\n@everyone",
         "section_url":null,
         "section":"general",
         "image_path":null,
         "delete":"1"
      },
      {
         "content":"Inner Circle is inviting you to a scheduled Zoom meeting.\n\nTopic: Inner Circle's Zoom Meeting\nTime: Sep 5, 2023 07:00 AM Pacific Time (US and Canada)\n\nJoin Zoom Meeting\nhttps://us02web.zoom.us/j/81903782444?pwd=ZjFYZ0Y0NGJQTEJLTzZyOTRJUmV4QT09\n\nMeeting ID: 819 0378 2444\nPasscode: options\n\n---\n\nOne tap mobile\n+16699006833,,81903782444#,,,,7364604# US (San Jose)\n+17193594580,,81903782444#,,,,7364604# US\n\n---\n\nDial by your location\n\u2022 +1 669 900 6833 US (San Jose)\n\u2022 +1 719 359 4580 US\n\u2022 +1 253 205 0468 US\n\u2022 +1 253 215 8782 US (Tacoma)\n\u2022 +1 346 248 7799 US (Houston)\n\u2022 +1 669 444 9171 US\n\u2022 +1 301 715 8592 US (Washington DC)\n\u2022 +1 305 224 1968 US\n\u2022 +1 309 205 3325 US\n\u2022 +1 312 626 6799 US (Chicago)\n\u2022 +1 360 209 5623 US\n\u2022 +1 386 347 5053 US\n\u2022 +1 507 473 4847 US\n\u2022 +1 564 217 2000 US\n\u2022 +1 646 931 3860 US\n\u2022 +1 689 278 1000 US\n\u2022 +1 929 205 6099 US (New York)\n\nMeeting ID: 819 0378 2444\nPasscode: 7364604\n\nFind your local number: https://us02web.zoom.us/u/k9LIgo9sI\n\n\n\n@everyone",
         "section_url":null,
         "section":"general",
         "image_path":null,
         "delete":"1"
      },
      {
         "content":"Inner Circle is inviting you to a scheduled Zoom meeting.\n\nTopic: Inner Circle's Zoom Meeting\nTime: Sep 6, 2023 07:00 AM Pacific Time (US and Canada)\n\nJoin Zoom Meeting\nhttps://us02web.zoom.us/j/89114103438?pwd=U2VSRUszTG5vTHZDK291U0VhTk1mQT09\n\nMeeting ID: 891 1410 3438\nPasscode: options\n\n---\n\nOne tap mobile\n+12532050468,,89114103438#,,,,2508816# US\n+12532158782,,89114103438#,,,,2508816# US (Tacoma)\n\n---\n\nDial by your location\n\u2022 +1 253 205 0468 US\n\u2022 +1 253 215 8782 US (Tacoma)\n\u2022 +1 346 248 7799 US (Houston)\n\u2022 +1 669 444 9171 US\n\u2022 +1 669 900 6833 US (San Jose)\n\u2022 +1 719 359 4580 US\n\u2022 +1 312 626 6799 US (Chicago)\n\u2022 +1 360 209 5623 US\n\u2022 +1 386 347 5053 US\n\u2022 +1 507 473 4847 US\n\u2022 +1 564 217 2000 US\n\u2022 +1 646 931 3860 US\n\u2022 +1 689 278 1000 US\n\u2022 +1 929 205 6099 US (New York)\n\u2022 +1 301 715 8592 US (Washington DC)\n\u2022 +1 305 224 1968 US\n\u2022 +1 309 205 3325 US\n\nMeeting ID: 891 1410 3438\nPasscode: 2508816\n\nFind your local number: https://us02web.zoom.us/u/kblMlUJosh\n\n\n\n@everyone",
         "section_url":null,
         "section":"general",
         "image_path":null,
         "delete":"1"
      },
      {
         "content":"Inner Circle is inviting you to a scheduled Zoom meeting.\n\nTopic: Inner Circle's Zoom Meeting\nTime: Sep 7, 2023 07:00 AM Pacific Time (US and Canada)\n\nJoin Zoom Meeting\nhttps://us02web.zoom.us/j/87265373382?pwd=eTdobmRFQ21oV0ZmcG02enhpaGJxZz09\n\nMeeting ID: 872 6537 3382\nPasscode: options\n\n---\n\nOne tap mobile\n+12532050468,,87265373382#,,,,4966239# US\n+12532158782,,87265373382#,,,,4966239# US (Tacoma)\n\n---\n\nDial by your location\n\u2022 +1 253 205 0468 US\n\u2022 +1 253 215 8782 US (Tacoma)\n\u2022 +1 346 248 7799 US (Houston)\n\u2022 +1 669 444 9171 US\n\u2022 +1 669 900 6833 US (San Jose)\n\u2022 +1 719 359 4580 US\n\u2022 +1 301 715 8592 US (Washington DC)\n\u2022 +1 305 224 1968 US\n\u2022 +1 309 205 3325 US\n\u2022 +1 312 626 6799 US (Chicago)\n\u2022 +1 360 209 5623 US\n\u2022 +1 386 347 5053 US\n\u2022 +1 507 473 4847 US\n\u2022 +1 564 217 2000 US\n\u2022 +1 646 931 3860 US\n\u2022 +1 689 278 1000 US\n\u2022 +1 929 205 6099 US (New York)\n\nMeeting ID: 872 6537 3382\nPasscode: 4966239\n\nFind your local number: https://us02web.zoom.us/u/kc2Lcypv4J\n\n\n\n@everyone",
         "section_url":null,
         "section":"general",
         "image_path":null,
         "delete":"1"
      },
      {
         "content":"Inner Circle is inviting you to a scheduled Zoom meeting.\n\nTopic: Inner Circle's Zoom Meeting\nTime: Sep 11, 2023 07:00 AM Pacific Time (US and Canada)\n\nJoin Zoom Meeting\nhttps://us02web.zoom.us/j/88121053236?pwd=VDZtUi9VRVNaWTRSMkE2QWZwemc2UT09\n\nMeeting ID: 881 2105 3236\nPasscode: options\n\n---\n\nOne tap mobile\n+12532050468,,88121053236#,,,,5561198# US\n+12532158782,,88121053236#,,,,5561198# US (Tacoma)\n\n---\n\nDial by your location\n\u2022 +1 253 205 0468 US\n\u2022 +1 253 215 8782 US (Tacoma)\n\u2022 +1 346 248 7799 US (Houston)\n\u2022 +1 669 444 9171 US\n\u2022 +1 669 900 6833 US (San Jose)\n\u2022 +1 719 359 4580 US\n\u2022 +1 360 209 5623 US\n\u2022 +1 386 347 5053 US\n\u2022 +1 507 473 4847 US\n\u2022 +1 564 217 2000 US\n\u2022 +1 646 931 3860 US\n\u2022 +1 689 278 1000 US\n\u2022 +1 929 205 6099 US (New York)\n\u2022 +1 301 715 8592 US (Washington DC)\n\u2022 +1 305 224 1968 US\n\u2022 +1 309 205 3325 US\n\u2022 +1 312 626 6799 US (Chicago)\n\nMeeting ID: 881 2105 3236\nPasscode: 5561198\n\nFind your local number: https://us02web.zoom.us/u/kb2115W7qG\n\n\n\n@everyone",
         "section_url":null,
         "section":"general",
         "image_path":null,
         "delete":"1"
      },
      {
         "content":"Inner Circle is inviting you to a scheduled Zoom meeting.\n\nTopic: Inner Circle's Zoom Meeting\nTime: Sep 12, 2023 07:00 AM Pacific Time (US and Canada)\n\nJoin Zoom Meeting\nhttps://us02web.zoom.us/j/89256136571?pwd=Z1VIOFlZd0sxcFRIaE52TEoxMjc2QT09\n\nMeeting ID: 892 5613 6571\nPasscode: options\n\n---\n\nOne tap mobile\n+12532158782,,89256136571#,,,,7600783# US (Tacoma)\n+13462487799,,89256136571#,,,,7600783# US (Houston)\n\n---\n\nDial by your location\n\u2022 +1 253 215 8782 US (Tacoma)\n\u2022 +1 346 248 7799 US (Houston)\n\u2022 +1 669 444 9171 US\n\u2022 +1 669 900 6833 US (San Jose)\n\u2022 +1 719 359 4580 US\n\u2022 +1 253 205 0468 US\n\u2022 +1 312 626 6799 US (Chicago)\n\u2022 +1 360 209 5623 US\n\u2022 +1 386 347 5053 US\n\u2022 +1 507 473 4847 US\n\u2022 +1 564 217 2000 US\n\u2022 +1 646 931 3860 US\n\u2022 +1 689 278 1000 US\n\u2022 +1 929 205 6099 US (New York)\n\u2022 +1 301 715 8592 US (Washington DC)\n\u2022 +1 305 224 1968 US\n\u2022 +1 309 205 3325 US\n\nMeeting ID: 892 5613 6571\nPasscode: 7600783\n\nFind your local number: https://us02web.zoom.us/u/kedY5s77wh",
         "section_url":null,
         "section":"general",
         "image_path":null,
         "delete":"1"
      },
      {
         "content":"Inner Circle is inviting you to a scheduled Zoom meeting.\n\nTopic: Inner Circle's Zoom Meeting\nTime: Sep 13, 2023 07:00 AM Pacific Time (US and Canada)\n\nJoin Zoom Meeting\nhttps://us02web.zoom.us/j/89389417705?pwd=SUl5TkNCdGgzcDZoT3Y4Z3VlL1RHQT09\n\nMeeting ID: 893 8941 7705\nPasscode: options\n\n---\n\nOne tap mobile\n+17193594580,,89389417705#,,,,8884017# US\n+12532050468,,89389417705#,,,,8884017# US\n\n---\n\nDial by your location\n\u2022 +1 719 359 4580 US\n\u2022 +1 253 205 0468 US\n\u2022 +1 253 215 8782 US (Tacoma)\n\u2022 +1 346 248 7799 US (Houston)\n\u2022 +1 669 444 9171 US\n\u2022 +1 669 900 6833 US (San Jose)\n\u2022 +1 507 473 4847 US\n\u2022 +1 564 217 2000 US\n\u2022 +1 646 931 3860 US\n\u2022 +1 689 278 1000 US\n\u2022 +1 929 205 6099 US (New York)\n\u2022 +1 301 715 8592 US (Washington DC)\n\u2022 +1 305 224 1968 US\n\u2022 +1 309 205 3325 US\n\u2022 +1 312 626 6799 US (Chicago)\n\u2022 +1 360 209 5623 US\n\u2022 +1 386 347 5053 US\n\nMeeting ID: 893 8941 7705\nPasscode: 8884017\n\nFind your local number: https://us02web.zoom.us/u/kbFln4o2Gs\n\n\n\n@everyone",
         "section_url":null,
         "section":"general",
         "image_path":null,
         "delete":"1"
      },
      {
         "content":"Inner Circle is inviting you to a scheduled Zoom meeting.\n\nTopic: Inner Circle's Zoom Meeting\nTime: Sep 14, 2023 07:00 AM Pacific Time (US and Canada)\n\nJoin Zoom Meeting\nhttps://us02web.zoom.us/j/84063418111?pwd=ajMyd3ZJbnV3cjFqL3hHbURwU1MyZz09\n\nMeeting ID: 840 6341 8111\nPasscode: options\n\n---\n\nOne tap mobile\n+17193594580,,84063418111#,,,,8372437# US\n+12532050468,,84063418111#,,,,8372437# US\n\n---\n\nDial by your location\n\u2022 +1 719 359 4580 US\n\u2022 +1 253 205 0468 US\n\u2022 +1 253 215 8782 US (Tacoma)\n\u2022 +1 346 248 7799 US (Houston)\n\u2022 +1 669 444 9171 US\n\u2022 +1 669 900 6833 US (San Jose)\n\u2022 +1 689 278 1000 US\n\u2022 +1 929 205 6099 US (New York)\n\u2022 +1 301 715 8592 US (Washington DC)\n\u2022 +1 305 224 1968 US\n\u2022 +1 309 205 3325 US\n\u2022 +1 312 626 6799 US (Chicago)\n\u2022 +1 360 209 5623 US\n\u2022 +1 386 347 5053 US\n\u2022 +1 507 473 4847 US\n\u2022 +1 564 217 2000 US\n\u2022 +1 646 931 3860 US\n\nMeeting ID: 840 6341 8111\nPasscode: 8372437\n\nFind your local number: https://us02web.zoom.us/u/kO10TNeE9",
         "section_url":null,
         "section":"general",
         "image_path":null,
         "delete":"1"
      },
      {
         "content":"Inner Circle is inviting you to a scheduled Zoom meeting.\n\nTopic: Inner Circle's Zoom Meeting\nTime: Sep 18, 2023 07:00 AM Pacific Time (US and Canada)\n\nJoin Zoom Meeting\nhttps://us02web.zoom.us/j/84419103713?pwd=WDRscFplVEplWjdyQlJWNktBY1lOQT09\n\nMeeting ID: 844 1910 3713\nPasscode: options\n\n---\n\nOne tap mobile\n+12532158782,,84419103713#,,,,4546385# US (Tacoma)\n+13462487799,,84419103713#,,,,4546385# US (Houston)\n\n---\n\nDial by your location\n\u2022 +1 253 215 8782 US (Tacoma)\n\u2022 +1 346 248 7799 US (Houston)\n\u2022 +1 669 444 9171 US\n\u2022 +1 669 900 6833 US (San Jose)\n\u2022 +1 719 359 4580 US\n\u2022 +1 253 205 0468 US\n\u2022 +1 305 224 1968 US\n\u2022 +1 309 205 3325 US\n\u2022 +1 312 626 6799 US (Chicago)\n\u2022 +1 360 209 5623 US\n\u2022 +1 386 347 5053 US\n\u2022 +1 507 473 4847 US\n\u2022 +1 564 217 2000 US\n\u2022 +1 646 931 3860 US\n\u2022 +1 689 278 1000 US\n\u2022 +1 929 205 6099 US (New York)\n\u2022 +1 301 715 8592 US (Washington DC)\n\nMeeting ID: 844 1910 3713\nPasscode: 4546385\n\nFind your local number: https://us02web.zoom.us/u/kcXm279mHT\n\n\n\n@everyone",
         "section_url":null,
         "section":"general",
         "image_path":null,
         "delete":"1"
      },
      {
         "content":"Inner Circle is inviting you to a scheduled Zoom meeting.\n\nTopic: Inner Circle's Zoom Meeting\nTime: Sep 20, 2023 07:00 AM Pacific Time (US and Canada)\n\nJoin Zoom Meeting\nhttps://us02web.zoom.us/j/84693231388?pwd=YnFMLzl0RmpLVEZOZUdicExIbTVEUT09\n\nMeeting ID: 846 9323 1388\nPasscode: options\n\n---\n\nOne tap mobile\n+13462487799,,84693231388#,,,,4966443# US (Houston)\n+16694449171,,84693231388#,,,,4966443# US\n\n---\n\nDial by your location\n\u2022 +1 346 248 7799 US (Houston)\n\u2022 +1 669 444 9171 US\n\u2022 +1 669 900 6833 US (San Jose)\n\u2022 +1 719 359 4580 US\n\u2022 +1 253 205 0468 US\n\u2022 +1 253 215 8782 US (Tacoma)\n\u2022 +1 360 209 5623 US\n\u2022 +1 386 347 5053 US\n\u2022 +1 507 473 4847 US\n\u2022 +1 564 217 2000 US\n\u2022 +1 646 931 3860 US\n\u2022 +1 689 278 1000 US\n\u2022 +1 929 205 6099 US (New York)\n\u2022 +1 301 715 8592 US (Washington DC)\n\u2022 +1 305 224 1968 US\n\u2022 +1 309 205 3325 US\n\u2022 +1 312 626 6799 US (Chicago)\n\nMeeting ID: 846 9323 1388\nPasscode: 4966443\n\nFind your local number: https://us02web.zoom.us/u/kdvfFrKp8f\n\n\n\n@everyone",
         "section_url":null,
         "section":"general",
         "image_path":null,
         "delete":"1"
      }
   ]
}